{"Overall":
     {"emotion": 
        {"Angry": 0.0443640165,
             "Happy": 0.4277899563,
              "Sad": 0.0305417137, 
              "Excited": 0.2588578835,
               "Bored": 0.0140508027, 
               "Fear": 0.2243956273
               }, 
        "sentiment": 
        {"negative": 0.073,
             "neutral": 0.686, 
             "positive": 0.241}
             
             }, 
             
"Sentences": 
{"emotion": 
    [
        {"Angry": 0.1547508432,
         "Happy": 0.3828890758, 
         "Sad": 0.039198708, "Excited": 0.1648854722, "Bored": 0.0279641472, "Fear": 0.2303117536},
          {"Angry": 0.0572884496, "Happy": 0.3566165742, "Sad": 0.0636077231, "Excited": 0.2607114102, "Bored": 0.0319000517, "Fear": 0.2298757912},
           {"Angry": 0.2379823399, "Happy": 0.1201380494, "Sad": 0.2216680462, "Excited": 0.1780611134, "Bored": 0.052451635, "Fear": 0.1896988161}, 
           {"Angry": 0.0350201261, "Happy": 0.4261021204, "Sad": 0.0317197977, "Excited": 0.3624522033, "Bored": 0.0216705774, "Fear": 0.1230351752}, 
           {"Angry": 0.0753326422, "Happy": 0.155833758, "Sad": 0.4456449478, "Excited": 0.1040590138, "Bored": 0.0508101878, "Fear": 0.1683194503}, 
           {"Angry": 0.1868657017, "Happy": 0.067080997, "Sad": 0.2897332236, "Excited": 0.1758152909, "Bored": 0.0165080857, "Fear": 0.2639967011}, 
           {"Angry": 0.2576577251, "Happy": 0.096782701, "Sad": 0.271945538, "Excited": 0.1182312643, "Bored": 0.0481113779, "Fear": 0.2072713937}, 
           {"Angry": 0.1819651689, "Happy": 0.0746627629, "Sad": 0.2474111989, "Excited": 0.1229873773, "Bored": 0.0597748672, "Fear": 0.3131986248}, 
           {"Angry": 0.0158599026, "Happy": 0.6409106586, "Sad": 0.0611386567, "Excited": 0.1613967044, "Bored": 0.0052516151, "Fear": 0.1154424626},
           {"Angry": 0.1252364016, "Happy": 0.4295979353, "Sad": 0.0823512055, "Excited": 0.1712369109, "Bored": 0.06107739, "Fear": 0.1305001567}
           ], 
    "sentiment": 
    [{"negative": 0.012, "neutral": 0.915, "positive": 0.073},
         {"negative": 0.019, "neutral": 0.08, "positive": 0.901}, 
         {"negative": 0.621, "neutral": 0.136, "positive": 0.243}, 
         {"negative": 0.0, "neutral": 0.0, "positive": 0.999}, 
         {"negative": 0.561, "neutral": 0.044, "positive": 0.395},
          {"negative": 0.746, "neutral": 0.028, "positive": 0.225},
           {"negative": 0.319, "neutral": 0.028, "positive": 0.654},
            {"negative": 0.557, "neutral": 0.042, "positive": 0.401},
             {"negative": 0.0, "neutral": 0.001, "positive": 0.999}, 
             {"negative": 0.014, "neutral": 0.62, "positive": 0.366}]}}